# File th232_ggg.h5, Ge-Ge-Ge, gate z=[1433.0, 1439.0], gate y=[536.0, 542.0],
43
0
1
0
0
0
0
0
1
0
0
1
0
0
3
1
2
1
6
2
2
8
4
8
9
10
8
13
8
15
11
17
13
13
12
11
17
19
15
13
12
11
21
14
16
18
14
22
19
17
12
15
16
17
18
15
24
18
13
21
25
17
22
21
14
23
23
18
22
29
28
25
27
33
45
34
36
54
36
29
27
24
29
27
32
34
32
36
41
56
52
33
62
54
46
40
32
27
22
22
27
23
36
28
40
50
58
35
36
38
30
43
31
35
31
33
23
36
20
31
39
29
36
32
29
34
30
32
35
37
36
44
33
30
34
49
52
40
39
36
41
41
33
33
45
38
51
40
41
50
47
37
37
37
41
47
42
39
41
51
49
48
50
51
61
58
57
56
54
53
67
42
48
62
60
47
59
49
55
77
65
79
62
60
62
72
58
58
61
60
64
68
58
54
60
70
57
78
72
64
69
59
64
60
56
67
56
58
59
56
47
64
71
64
51
67
59
56
66
50
56
71
66
71
60
53
55
53
60
50
55
48
71
54
66
63
56
70
71
65
63
74
70
69
59
72
79
58
56
73
65
64
53
60
69
49
55
53
57
53
44
64
53
54
58
56
62
75
62
58
54
61
65
63
61
61
65
60
61
62
79
72
64
64
68
50
54
59
47
68
44
58
62
51
62
45
53
59
65
64
58
63
67
57
48
65
56
57
64
47
54
56
60
59
42
51
67
45
43
45
50
72
52
53
56
66
62
51
69
67
69
115
112
96
56
45
51
54
56
55
41
41
51
58
51
58
56
45
65
55
60
48
46
71
52
54
53
50
59
71
57
43
52
39
52
51
63
45
63
62
47
61
48
59
61
66
73
56
53
41
35
57
55
49
51
50
66
50
57
48
55
49
53
63
59
66
86
153
108
81
75
58
66
61
54
53
33
58
46
46
43
59
52
35
48
41
44
44
50
42
59
48
36
67
56
43
53
59
60
57
38
61
55
46
42
45
41
52
48
39
56
53
63
64
97
73
49
41
44
33
54
48
48
49
50
59
53
65
79
68
77
80
78
90
92
84
67
79
61
67
61
49
56
72
80
83
85
96
93
73
79
62
52
45
46
55
52
45
59
63
74
57
52
58
63
45
37
40
39
40
19
32
40
36
55
33
48
67
75
106
123
101
88
60
59
49
47
43
40
41
28
31
40
45
57
46
50
31
30
22
32
43
29
25
30
39
43
44
43
46
43
47
32
45
32
34
36
32
42
37
42
41
34
39
30
32
48
33
32
30
42
34
36
34
31
41
40
33
50
51
39
44
48
37
34
30
28
36
27
35
41
52
73
81
69
48
33
36
34
35
39
28
23
35
41
65
60
55
35
44
42
47
66
63
41
40
45
59
51
36
45
54
62
43
41
52
39
34
47
32
23
37
31
32
26
38
45
38
30
34
34
42
36
31
39
27
32
38
42
34
43
31
22
27
22
24
27
20
28
29
32
27
19
32
22
33
27
27
33
25
40
26
25
44
47
42
51
35
32
30
35
35
24
26
31
22
28
29
34
20
28
29
20
29
19
27
33
26
25
23
21
24
24
33
24
27
24
23
28
22
22
34
16
37
31
32
31
32
36
26
23
22
27
18
31
29
32
19
22
21
16
22
27
23
31
29
25
31
26
35
16
21
23
24
40
34
26
34
19
25
19
34
24
19
24
27
24
25
25
25
21
27
23
21
23
25
18
19
20
24
30
31
19
26
18
21
34
26
29
30
29
22
35
23
24
27
21
22
32
36
38
27
23
33
28
36
28
17
20
26
19
20
25
29
21
30
21
32
26
32
16
20
28
42
20
18
27
18
23
16
17
22
21
24
28
20
19
20
20
15
17
13
26
21
19
24
22
14
26
23
27
22
25
35
51
27
39
30
38
26
36
33
30
41
34
29
27
26
30
26
27
20
32
24
23
22
16
13
19
16
24
24
24
31
27
24
30
27
19
27
25
19
27
21
20
23
17
20
25
18
27
20
22
25
27
18
21
22
18
10
25
20
17
19
18
25
26
15
24
16
10
26
15
21
16
17
13
22
16
18
15
22
26
21
25
13
24
20
8
19
24
15
11
17
13
18
11
17
15
16
16
12
12
21
12
21
21
19
16
14
17
13
14
21
17
12
18
16
18
11
14
10
23
21
10
13
12
24
14
19
24
15
24
14
12
13
16
9
21
19
23
19
9
16
15
27
14
20
23
15
23
15
14
23
16
13
28
10
11
12
16
16
8
17
17
16
17
16
12
12
13
18
20
8
12
12
16
17
22
23
13
20
23
35
37
33
24
18
15
14
12
23
21
20
15
18
21
18
19
24
14
14
18
16
18
14
21
21
28
24
34
22
18
20
15
15
24
19
17
14
15
13
18
19
21
19
27
17
18
10
15
18
16
15
20
20
22
18
15
17
16
21
20
21
17
19
16
21
15
18
13
15
13
15
17
10
10
18
19
14
6
11
18
17
8
15
15
9
14
14
16
12
15
16
18
12
14
12
14
14
15
12
6
12
13
16
14
16
19
18
11
16
11
11
6
9
14
14
14
16
19
19
11
12
14
18
8
16
6
9
13
13
13
11
10
19
12
10
9
20
7
8
10
13
14
15
19
11
11
8
8
14
11
17
8
17
13
10
11
8
10
12
19
16
9
13
15
12
15
11
10
9
9
10
11
8
11
21
12
9
5
15
20
10
8
15
10
8
14
8
6
12
18
13
18
12
15
13
18
12
7
12
12
9
11
9
13
13
15
12
5
11
9
13
14
14
14
12
16
22
10
10
17
14
10
10
11
10
14
12
13
10
14
14
9
5
11
5
12
7
4
9
14
9
10
15
9
10
8
6
9
6
8
10
11
9
15
14
15
5
17
11
9
9
14
9
11
14
17
15
10
6
11
9
13
8
12
9
6
8
8
10
8
15
14
7
8
10
9
8
8
4
14
10
8
11
10
6
9
8
6
10
9
4
12
5
16
7
7
7
4
9
14
11
9
9
8
7
20
8
10
13
14
4
14
6
10
15
10
6
3
5
11
9
6
8
13
4
12
14
8
9
9
8
14
8
11
11
8
6
6
11
5
14
9
13
8
5
6
14
7
10
15
8
13
5
7
10
7
6
10
11
4
14
15
10
10
10
5
6
7
7
11
4
8
5
13
4
10
6
5
12
13
7
8
5
6
7
15
7
5
9
9
5
11
9
8
8
10
5
5
6
6
9
2
8
9
3
4
9
7
9
12
13
15
15
17
11
13
16
9
9
6
10
13
8
7
7
8
6
11
9
5
10
12
12
9
12
19
7
5
10
10
4
8
6
8
2
7
11
6
9
11
13
4
15
7
6
7
12
8
6
6
6
15
2
14
15
13
7
13
10
7
7
10
13
6
14
11
9
10
11
11
17
7
9
4
7
11
6
10
2
8
7
3
7
7
6
9
9
9
10
8
2
8
15
4
5
8
10
5
5
7
4
3
4
4
5
9
9
9
8
6
6
4
3
5
7
11
5
5
4
10
5
7
12
9
5
11
7
2
9
6
7
6
6
5
9
6
11
7
7
7
7
5
8
5
7
6
13
5
3
5
13
4
8
7
8
9
8
8
8
4
5
7
9
5
7
6
3
6
8
7
4
11
4
8
8
6
8
8
8
8
2
4
8
8
6
2
4
9
4
5
7
9
6
11
8
5
6
6
5
7
16
8
6
5
5
6
3
5
6
8
4
3
6
4
8
5
8
4
5
8
4
3
3
6
5
6
9
2
7
5
6
9
7
6
6
9
8
3
5
5
7
5
4
13
7
5
9
3
5
8
4
9
7
3
8
9
7
8
6
4
3
4
4
7
5
3
4
5
3
6
5
6
8
8
10
5
4
5
8
3
12
7
4
5
8
5
3
10
5
7
8
3
2
6
6
6
9
6
3
7
3
2
6
10
3
8
4
1
6
8
5
6
5
11
4
5
2
4
4
5
4
6
4
8
0
6
4
10
2
4
3
5
4
5
6
10
4
3
6
6
4
6
4
3
2
3
6
5
0
5
5
3
6
3
4
3
6
8
2
4
4
8
4
9
2
5
10
4
3
4
5
1
8
6
5
6
6
6
5
7
5
6
3
2
3
2
7
3
6
7
5
6
1
3
0
2
4
5
2
5
6
7
9
4
2
1
3
5
3
6
7
6
3
6
5
3
2
6
4
9
4
4
6
6
3
5
10
2
4
5
3
7
9
5
7
3
5
3
4
5
3
6
4
5
3
6
3
1
8
1
4
8
4
3
8
4
5
3
4
3
7
3
8
1
9
5
5
7
5
4
5
5
1
7
7
4
3
4
1
7
5
6
5
1
3
4
5
3
5
2
2
0
4
5
6
4
3
4
2
7
4
6
3
0
5
2
5
6
1
2
4
2
5
2
5
3
6
1
4
4
7
7
2
5
6
2
9
4
3
5
4
2
6
4
4
2
5
3
4
2
4
7
6
2
3
5
3
4
6
2
1
7
6
4
2
3
3
1
3
7
6
4
1
5
1
7
3
3
3
5
2
5
2
6
7
2
3
3
2
4
7
3
6
4
0
3
1
9
4
2
4
3
3
4
5
6
3
5
6
3
2
7
3
3
4
2
4
1
2
4
3
5
3
2
3
5
3
0
5
2
5
5
3
4
4
5
5
1
3
1
1
2
1
3
7
6
3
5
6
4
1
6
6
4
6
5
2
4
1
6
1
1
2
5
3
4
2
2
5
6
5
4
4
2
5
4
3
4
3
3
3
2
2
4
4
5
4
6
4
2
4
1
1
5
1
1
1
3
2
4
2
5
2
4
1
1
5
2
1
3
3
1
2
3
3
2
1
3
5
5
4
3
4
1
1
2
2
2
4
2
1
5
2
0
3
3
2
1
4
3
3
2
0
3
9
2
2
5
1
3
5
4
3
2
3
1
4
2
1
2
1
3
1
3
1
6
4
6
2
3
1
3
3
2
0
4
3
2
1
4
3
5
1
4
5
5
2
2
4
4
1
2
4
2
3
5
2
3
3
1
4
3
3
4
6
5
4
2
2
3
3
1
2
2
5
5
0
3
3
2
3
4
3
3
0
1
4
2
0
4
3
1
1
5
1
5
2
2
4
3
2
4
4
4
0
2
0
2
2
3
3
2
2
2
4
2
2
3
5
2
3
1
1
3
2
7
4
2
4
1
2
0
2
3
2
3
4
4
3
2
4
1
4
5
4
3
5
3
3
2
5
4
0
3
4
3
3
1
2
4
4
4
0
7
3
3
3
2
3
6
0
4
2
2
1
1
1
0
2
1
2
1
3
0
4
3
4
1
6
5
4
2
1
2
1
3
1
3
0
2
2
1
5
4
4
1
0
1
1
3
2
1
2
4
1
1
5
2
2
1
4
2
2
5
3
2
2
0
0
1
4
2
5
1
3
3
2
1
2
1
3
1
3
5
1
2
4
2
0
4
4
4
3
4
2
2
3
1
1
3
4
1
3
1
1
3
3
1
4
0
3
2
1
2
2
1
5
3
1
4
2
2
3
2
6
4
2
3
1
1
3
2
4
0
5
1
1
1
0
1
5
1
3
3
0
0
1
1
2
0
2
0
2
0
5
2
3
1
1
1
2
2
2
3
2
2
0
4
3
5
3
2
0
1
3
2
1
5
4
1
2
1
0
3
5
2
1
1
3
1
2
0
1
0
3
1
1
1
2
1
2
0
1
0
5
2
0
2
2
8
4
2
1
2
1
0
1
6
1
0
0
3
1
1
1
1
2
0
1
4
2
3
1
2
2
4
1
1
4
1
2
2
0
1
3
2
0
5
2
0
1
1
5
2
1
5
0
4
2
4
0
4
1
3
2
1
2
2
1
1
4
1
3
1
3
0
3
0
0
3
2
1
3
0
2
0
2
5
4
4
3
7
2
4
3
1
3
2
2
1
2
0
2
0
2
2
2
2
4
1
2
3
3
2
1
2
2
1
1
3
1
1
2
1
0
2
0
0
1
0
1
0
1
1
4
1
1
0
2
1
1
1
1
0
2
1
2
4
1
1
3
2
2
0
1
2
0
1
3
3
1
0
0
2
2
2
1
1
2
1
4
2
2
0
2
1
1
0
1
0
1
1
1
2
2
1
2
3
3
2
0
1
1
2
3
0
1
1
2
3
2
2
2
2
2
1
3
1
2
2
2
2
1
2
1
3
3
2
3
4
3
2
0
3
1
1
2
1
3
1
0
0
1
0
3
0
1
1
0
1
1
0
2
4
0
0
0
2
1
3
3
1
1
2
0
2
1
1
0
1
0
0
1
1
2
0
0
2
0
4
3
1
2
3
0
1
0
1
1
0
1
1
0
2
1
1
0
1
0
2
4
0
1
1
0
1
1
0
1
2
0
2
1
1
0
1
1
2
1
1
0
2
2
2
1
5
1
3
1
2
1
3
2
1
1
2
3
4
2
0
1
1
2
1
1
1
0
2
0
1
0
3
0
2
1
2
0
2
2
0
2
0
1
1
2
1
2
1
1
4
0
0
1
1
1
1
2
3
1
2
3
0
0
0
2
0
0
1
2
1
1
1
2
0
2
1
3
0
1
0
0
2
1
1
3
2
1
0
0
0
2
0
1
2
1
5
1
0
2
1
3
1
1
2
2
0
0
0
2
0
1
0
2
1
1
2
1
3
0
0
1
0
2
2
1
0
0
1
1
0
1
2
1
0
1
2
0
0
2
0
0
1
2
0
2
1
1
0
0
0
0
0
0
1
1
2
0
0
0
1
1
1
1
2
0
3
1
2
2
1
0
0
1
2
0
1
2
1
0
1
3
1
1
3
2
1
1
0
1
1
1
0
2
2
2
1
2
1
1
2
2
0
1
3
0
0
0
1
2
0
2
2
0
1
1
1
0
1
0
0
1
1
2
4
0
2
2
3
1
0
2
0
0
0
4
1
0
1
1
1
1
1
1
3
0
2
1
0
2
0
1
1
1
0
0
0
2
1
3
1
3
2
0
1
3
2
0
0
1
1
1
2
1
0
2
0
0
1
1
0
3
0
1
0
0
2
1
1
0
1
0
2
2
1
0
1
0
1
3
1
0
1
2
0
0
0
1
0
0
0
0
0
0
1
0
1
0
0
1
1
1
0
0
0
0
0
3
2
0
0
0
2
1
1
0
2
1
0
0
1
0
2
0
0
3
2
0
0
0
1
7
1
0
0
0
0
0
0
2
1
1
0
0
1
1
0
0
1
1
1
1
1
2
0
0
3
0
0
1
0
0
2
2
0
0
1
1
1
0
0
0
1
1
1
0
0
2
0
0
1
2
0
0
0
1
1
3
0
0
0
0
1
1
1
2
0
1
0
2
1
2
1
0
0
1
0
1
2
0
3
0
1
0
0
0
1
1
1
3
0
0
1
0
0
0
1
2
1
0
0
1
0
1
0
2
2
3
1
1
0
1
3
0
1
0
1
2
2
1
0
2
3
1
0
0
1
1
1
0
0
0
2
1
1
0
0
1
1
2
0
0
1
0
1
0
1
0
0
0
1
3
1
0
0
0
1
1
1
3
0
0
1
1
0
0
1
0
0
0
0
1
0
1
1
1
0
0
1
0
0
1
0
1
1
0
0
0
1
0
1
1
0
2
0
1
0
0
0
0
0
1
0
0
0
0
0
0
0
1
1
1
2
0
1
0
0
1
2
1
1
1
0
0
1
1
0
1
2
0
0
0
1
0
1
0
2
0
2
0
0
1
2
0
1
0
1
0
1
0
3
0
0
0
0
0
0
1
0
0
1
0
0
0
1
0
3
0
0
1
0
0
0
1
3
1
0
1
1
0
0
0
0
0
0
0
0
0
0
0
0
1
0
0
0
0
0
2
1
0
0
1
1
1
2
0
0
1
0
1
0
0
0
1
1
3
0
1
0
0
1
0
0
0
0
1
4
1
0
1
3
0
1
2
0
3
0
1
0
2
0
1
0
0
1
1
2
0
0
0
2
2
1
0
0
0
0
0
1
1
1
0
0
1
0
1
0
1
0
0
1
0
2
2
2
0
0
2
1
1
1
1
0
0
0
1
1
0
0
0
0
0
0
2
0
0
1
0
0
1
0
0
1
0
0
1
0
0
0
0
0
0
0
0
1
0
0
0
1
0
1
1
0
0
0
0
0
0
0
3
1
2
0
1
2
0
1
1
0
0
1
0
0
0
0
0
0
0
0
1
1
0
0
0
0
0
2
3
1
0
0
1
0
2
0
1
0
0
0
0
0
0
0
1
0
0
0
0
0
0
2
0
1
1
1
3
0
0
0
0
0
0
0
0
0
0
3
0
0
0
0
0
1
0
1
0
1
1
0
0
0
0
0
1
0
1
0
0
0
0
0
0
0
0
0
0
0
0
0
2
1
1
0
1
1
0
0
0
0
0
1
0
0
1
0
0
0
0
0
0
1
0
1
0
0
2
1
0
0
1
1
0
0
1
0
0
2
0
0
1
0
1
0
0
0
1
0
0
0
0
2
0
0
1
2
1
0
0
1
0
0
1
0
0
0
0
0
1
0
2
0
0
1
0
0
1
1
0
0
2
0
0
0
0
2
0
0
0
1
1
0
1
0
1
1
0
0
0
0
0
0
1
1
0
0
0
0
0
1
0
1
1
0
0
0
0
0
1
0
0
0
0
0
0
0
0
0
0
0
1
0
0
0
2
1
0
0
0
2
0
0
0
1
1
0
1
0
1
0
0
1
1
0
0
0
2
0
0
0
1
2
0
1
0
0
1
0
0
0
0
0
0
0
0
1
0
1
0
0
1
0
0
1
0
0
0
1
0
0
0
0
1
0
0
1
1
0
1
1
0
0
0
1
0
2
0
0
0
0
0
0
0
0
0
2
1
2
2
0
2
0
1
0
0
1
0
0
0
0
0
0
0
0
1
0
0
0
0
0
0
0
0
0
0
1
0
0
0
0
0
0
0
1
0
0
1
3
0
0
0
0
0
0
0
0
0
0
0
1
0
1
0
0
0
0
2
0
0
0
0
2
1
1
0
0
0
1
0
0
0
0
0
0
2
1
0
0
0
0
0
0
1
1
0
0
0
1
0
0
0
0
0
0
0
0
1
0
0
1
1
0
0
1
0
0
1
0
0
0
0
0
0
0
0
0
0
1
0
0
0
0
2
0
1
0
1
0
0
0
0
0
0
0
0
0
0
1
0
0
1
0
0
0
0
0
0
0
0
0
1
2
0
0
1
1
0
0
1
2
1
0
0
1
0
